               0
               0
               0
               0
               0
               0
  43336637874176
  16832163816480
   5902415545686
   1233225003892
   -546650649846
  -1048151010942
  -1035099834097
   -853088644238
   -647148757626
   -469804268556
   -333462077050
   -234972818359
   -166568087886
   -120321096383
    -89659588590
    -69628969915
    -56692706622
    -48414135353
    -43155286707
    -39834840507
    -37748734563
    -36443476263
    -35629488304
    -35123164314
    -34808767950
    -34613701344
    -34492614366
    -34417277809
    -34370173011
    -34340456601
    -34321432226
    -34308972748
    -34300538930
    -34294570886
    -34290111654
    -34286574855
    -34283601566
    -34280972293
    -34278552926
    -34276261580
    -34274048294
    -34271882602
    -34269745937
    -34267626986
    -34265518864
    -34263417377
    -34261319975
    -34259225106
    -34257131827
    -34255039563
    -34252947967
    -34250856827
    -34248766013
    -34246675449
    -34244585085
    -34242494892
    -34240404854
    -34238314961
    -34236225205
    -34234135583
    -34232046092
    -34229956731
    -34227867499
    -34225778395
    -34223689419
    -34221600570
    -34219511850
    -34217423257
    -34215334792
    -34213246454
    -34211158244
    -34209070161
    -34206982206
    -34204894378
    -34202806677
    -34200719104
    -34198631658
    -34196544340
    -34194457149
    -34192370085
    -34190283149
    -34188196340
    -34186109659
    -34184023105
    -34181936678
    -34179850379
    -34177764207
    -34175678162
    -34173592245
    -34171506455
    -34169420792
    -34167335257
    -34165249849
    -34163164568
    -34161079414
    -34158994388
    -34156909489
    -34154824717
    -34152740072
    -34150655555
    -34148571165
    -34146486902
    -34144402766
    -34142318758
    -34140234877
    -34138151123
    -34136067496
    -34133983996
    -34131900623
    -34129817378
    -34127734260
    -34125651269
    -34123568405
    -34121485668
    -34119403058
    -34117320575
    -34115238220
    -34113155992
    -34111073891
    -34108991917
    -34106910070
    -34104828350
    -34102746757
    -34100665291
    -34098583952
    -34096502740
    -34094421655
    -34092340697
    -34090259866
    -34088179162
    -34086098585
    -34084018135
    -34081937812
    -34079857616
    -34077777547
    -34075697605
    -34073617790
    -34071538102
    -34069458541
    -34067379107
    -34065299800
    -34063220620
    -34061141567
    -34059062640
    -34056983840
    -34054905167
    -34052826621
    -34050748202
    -34048669910
    -34046591745
    -34044513706
    -34042435794
    -34040358009
    -34038280351
    -34036202820
    -34034125416
    -34032048138
    -34029970987
    -34027893963
    -34025817066
    -34023740295
    -34021663651
    -34019587134
    -34017510744
    -34015434480
    -34013358343
    -34011282333
    -34009206450
    -34007130693
    -34005055063
    -34002979560
    -34000904183
    -33998828933
    -33996753810
    -33994678813
    -33992603943
    -33990529200
    -33988454583
    -33986380093
    -33984305729
    -33982231492
    -33980157382
    -33978083398
    -33976009541
    -33973935810
    -33971862206
    -33969788729
    -33967715378
    -33965642154
    -33963569056
    -33961496085
    -33959423240
    -33957350522
    -33955277930
    -33953205465
    -33951133126
    -33949060914
    -33946988828
    -33944916869
    -33942845036
    -33940773330
    -33938701750
    -33936630297
    -33934558970
    -33932487769
    -33930416695
    -33928345747
    -33926274926
    -33924204231
    -33922133662
    -33920063220
    -33917992904
    -33915922715
    -33913852652
    -33911782715
    -33909712905
    -33907643221
    -33905573663
    -33903504232
    -33901434927
    -33899365748
    -33897296695
    -33895227769
    -33893158969
    -33891090295
    -33889021748
    -33886953327
    -33884885032
    -33882816863
    -33880748820
    -33878680904
    -33876613114
    -33874545450
    -33872477912
    -33870410501
    -33868343216
    -33866276057
    -33864209024
    -33862142117
    -33860075336
    -33858008682
    -33855942154
    -33853875752
    -33851809476
    -33849743326
    -33847677302
    -33845611404
    -33843545632
    -33841479986
    -33839414466
    -33837349073
    -33835283806
    -33833218665
    -33831153650
    -33829088761
    -33827023998
    -33824959361
    -33822894850
    -33820830465
    -33818766206
    -33816702073
    -33814638066
    -33812574185
    -33810510430
    -33808446801
    -33806383298
    -33804319921
    -33802256670
    -33800193544
    -33798130544
    -33796067670
    -33794004922
    -33791942300
    -33789879804
    -33787817434
    -33785755190
    -33783693072
    -33781631080
    -33779569213
    -33777507472
    -33775445857
    -33773384368
    -33771323005
    -33769261768
    -33767200656
    -33765139670
    -33763078810
    -33761018076
    -33758957467
    -33756896984
    -33754836627
    -33752776396
    -33750716291
    -33748656311
    -33746596457
    -33744536729
    -33742477126
    -33740417649
    -33738358298
    -33736299073
    -33734239973
    -33732180999
    -33730122151
    -33728063428
    -33726004831
    -33723946360
    -33721888014
    -33719829794
    -33717771699
    -33715713730
    -33713655887
    -33711598169
    -33709540577
    -33707483110
    -33705425769
    -33703368554
    -33701311464
    -33699254500
    -33697197661
    -33695140948
    -33693084360
    -33691027898
    -33688971561
    -33686915350
    -33684859264
    -33682803304
    -33680747469
    -33678691760
    -33676636176
    -33674580718
    -33672525385
    -33670470178
    -33668415096
    -33666360140
    -33664305309
    -33662250603
    -33660196023
    -33658141568
    -33656087239
    -33654033035
    -33651978956
    -33649925003
    -33647871175
    -33645817472
    -33643763895
    -33641710443
    -33639657116
    -33637603915
    -33635550839
    -33633497888
    -33631445063
    -33629392363
    -33627339788
    -33625287339
    -33623235015
    -33621182816
    -33619130742
    -33617078794
    -33615026971
    -33612975273
    -33610923700
    -33608872253
    -33606820931
    -33604769734
    -33602718662
    -33600667715
    -33598616893
    -33596566197
    -33594515626
    -33592465180
    -33590414859
    -33588364663
    -33586314592
    -33584264647
    -33582214827
    -33580165132
    -33578115562
    -33576066117
    -33574016797
    -33571967602
    -33569918532
    -33567869587
    -33565820767
    -33563772072
    -33561723502
    -33559675057
    -33557626737
    -33555578543
    -33553530474
    -33551482530
    -33549434711
    -33547387017
    -33545339447
    -33543292002
    -33541244682
    -33539197487
    -33537150417
    -33535103472
    -33533056652
    -33531009957
    -33528963387
    -33526916942
    -33524870622
    -33522824427
    -33520778357
    -33518732412
    -33516686591
    -33514640895
    -33512595324
    -33510549878
    -33508504557
    -33506459361
    -33504414290
    -33502369343
    -33500324521
    -33498279824
    -33496235252
    -33494190805
    -33492146482
    -33490102284
    -33488058211
    -33486014263
    -33483970439
    -33481926740
    -33479883166
    -33477839717
    -33475796392
    -33473753192
    -33471710117
    -33469667166
    -33467624340
    -33465581639
    -33463539062
    -33461496610
    -33459454283
    -33457412080
    -33455370002
    -33453328049
    -33451286220
    -33449244516
    -33447202937
    -33445161482
    -33443120152
    -33441078946
    -33439037865
    -33436996909
    -33434956077
    -33432915370
    -33430874787
    -33428834329
    -33426793995
    -33424753786
    -33422713701
    -33420673741
    -33418633905
    -33416594194
    -33414554607
    -33412515145
    -33410475807
    -33408436594
    -33406397505
    -33404358541
    -33402319701
    -33400280986
    -33398242395
    -33396203929
    -33394165587
    -33392127369
    -33390089276
    -33388051307
    -33386013463
    -33383975743
    -33381938147
    -33379900676
    -33377863329
    -33375826106
    -33373789008
    -33371752034
    -33369715184
    -33367678459
    -33365641858
    -33363605381
    -33361569029
    -33359532801
    -33357496697
    -33355460717
    -33353424862
    -33351389131
    -33349353524
    -33347318041
    -33345282683
    -33343247449
    -33341212339
    -33339177353
    -33337142492
    -33335107755
    -33333073142
    -33331038653
    -33329004288
    -33326970048
    -33324935932
    -33322901940
    -33320868072
    -33318834328
    -33316800708
    -33314767212
    -33312733840
    -33310700593
    -33308667470
    -33306634471
    -33304601596
    -33302568845
    -33300536218
    -33298503715
    -33296471336
    -33294439081
    -33292406950
    -33290374943
    -33288343060
    -33286311301
    -33284279666
    -33282248155
    -33280216768
    -33278185505
    -33276154366
    -33274123351
    -33272092460
    -33270061693
    -33268031050
    -33266000531
    -33263970136
    -33261939865
    -33259909718
    -33257879695
    -33255849796
    -33253820021
    -33251790369
    -33249760841
    -33247731437
    -33245702157
    -33243673001
    -33241643969
    -33239615061
    -33237586276
    -33235557615
    -33233529078
    -33231500665
    -33229472376
    -33227444210
    -33225416168
    -33223388250
    -33221360456
    -33219332786
    -33217305239
    -33215277816
    -33213250517
    -33211223342
    -33209196290
    -33207169362
    -33205142558
    -33203115877
    -33201089320
    -33199062887
    -33197036578
    -33195010392
    -33192984330
    -33190958392
    -33188932577
    -33186906886
    -33184881318
    -33182855874
    -33180830554
    -33178805357
    -33176780284
    -33174755335
    -33172730509
    -33170705807
    -33168681228
    -33166656773
    -33164632441
    -33162608233
    -33160584149
    -33158560188
    -33156536351
    -33154512637
    -33152489047
    -33150465580
    -33148442237
    -33146419017
    -33144395921
    -33142372948
    -33140350099
    -33138327373
    -33136304771
    -33134282292
    -33132259936
    -33130237704
    -33128215595
    -33126193610
    -33124171748
    -33122150010
    -33120128395
    -33118106903
    -33116085535
    -33114064290
    -33112043168
    -33110022170
    -33108001295
    -33105980543
    -33103959915
    -33101939410
    -33099919028
    -33097898770
    -33095878635
    -33093858623
    -33091838735
    -33089818970
    -33087799328
    -33085779809
    -33083760414
    -33081741142
    -33079721993
    -33077702967
    -33075684065
    -33073665286
    -33071646630
    -33069628097
    -33067609688
    -33065591402
    -33063573239
    -33061555199
    -33059537282
    -33057519488
    -33055501818
    -33053484271
    -33051466847
    -33049449546
    -33047432368
    -33045415313
    -33043398381
    -33041381573
    -33039364888
    -33037348326
    -33035331887
    -33033315571
    -33031299378
    -33029283308
    -33027267361
    -33025251537
    -33023235836
    -33021220258
    -33019204803
    -33017189471
    -33015174262
    -33013159176
    -33011144213
    -33009129373
    -33007114656
    -33005100062
    -33003085591
    -33001071243
    -32999057018
    -32997042916
    -32995028937
    -32993015081
    -32991001348
    -32988987738
    -32986974250
    -32984960885
    -32982947643
    -32980934524
    -32978921528
    -32976908655
    -32974895905
    -32972883278
    -32970870773
    -32968858391
    -32966846132
    -32964833996
    -32962821983
    -32960810093
    -32958798325
    -32956786680
    -32954775158
    -32952763759
    -32950752482
    -32948741328
    -32946730297
    -32944719389
    -32942708603
    -32940697940
    -32938687400
    -32936676983
    -32934666688
    -32932656516
    -32930646467
    -32928636540
    -32926626736
    -32924617055
    -32922607496
    -32920598060
    -32918588747
    -32916579556
    -32914570488
    -32912561543
    -32910552720
    -32908544020
    -32906535442
    -32904526987
    -32902518655
    -32900510445
    -32898502358
    -32896494393
    -32894486551
    -32892478831
    -32890471234
    -32888463759
    -32886456407
    -32884449177
    -32882442070
    -32880435086
    -32878428224
    -32876421484
    -32874414867
    -32872408372
    -32870402000
    -32868395750
    -32866389623
    -32864383618
    -32862377736
    -32860371976
    -32858366339
    -32856360824
    -32854355431
    -32852350161
    -32850345013
    -32848339988
    -32846335085
    -32844330304
    -32842325646
    -32840321110
    -32838316696
    -32836312405
    -32834308236
    -32832304189
    -32830300265
    -32828296463
    -32826292783
    -32824289226
    -32822285791
    -32820282478
    -32818279287
    -32816276219
    -32814273273
    -32812270449
    -32810267747
    -32808265168
    -32806262711
    -32804260376
    -32802258163
    -32800256073
    -32798254105
    -32796252259
    -32794250535
    -32792248933
    -32790247453
    -32788246096
    -32786244861
    -32784243748
    -32782242757
    -32780241888
    -32778241141
    -32776240516
    -32774240014
    -32772239634
    -32770239376
    -32768239240
    -32766239226
    -32764239334
    -32762239564
    -32760239916
    -32758240390
    -32756240986
    -32754241704
    -32752242544
    -32750243506
    -32748244590
    -32746245796
    -32744247124
    -32742248574
    -32740250146
    -32738251840
    -32736253656
    -32734255594
    -32732257654
    -32730259836
    -32728262140
    -32726264566
    -32724267114
    -32722269784
    -32720272576
    -32718275490
    -32716278525
    -32714281682
    -32712284961
    -32710288362
    -32708291885
    -32706295530
    -32704299297
    -32702303185
    -32700307195
    -32698311327
    -32696315581
    -32694319957
    -32692324455
    -32690329074
    -32688333815
    -32686338678
    -32684343663
    -32682348769
    -32680353997
    -32678359347
    -32676364819
    -32674370412
    -32672376127
    -32670381964
    -32668387923
    -32666394003
    -32664400205
    -32662406529
    -32660412974
    -32658419541
    -32656426230
    -32654433040
    -32652439972
    -32650447026
    -32648454201
    -32646461498
    -32644468917
    -32642476457
    -32640484119
    -32638491902
    -32636499807
    -32634507834
    -32632515982
    -32630524252
    -32628532643
    -32626541156
    -32624549790
    -32622558546
    -32620567424
    -32618576423
    -32616585544
    -32614594786
    -32612604150
    -32610613635
    -32608623242
    -32606632970
    -32604642820
    -32602652791
    -32600662883
    -32598673097
    -32596683432
    -32594693889
    -32592704467
    -32590715167
    -32588725988
    -32586736931
    -32584747995
    -32582759180
    -32580770487
    -32578781915
    -32576793464
    -32574805135
    -32572816927
    -32570828841
    -32568840876
    -32566853032
    -32564865310
    -32562877709
    -32560890229
    -32558902870
    -32556915633
    -32554928517
    -32552941522
    -32550954649
    -32548967897
    -32546981266
    -32544994756
    -32543008368
    -32541022101
    -32539035955
    -32537049930
    -32535064027
    -32533078245
    -32531092584
    -32529107044
    -32527121625
    -32525136328
    -32523151152
    -32521166097
    -32519181163
    -32517196350
    -32515211658
    -32513227087
    -32511242638
    -32509258310
    -32507274103
    -32505290017
    -32503306052
    -32501322208
    -32499338485
    -32497354883
    -32495371402
    -32493388042
    -32491404803
    -32489421686
    -32487438690
    -32485455815
    -32483473061
    -32481490428
    -32479507916
    -32477525525
    -32475543255
    -32473561106
    -32471579078
    -32469597171
    -32467615385
    -32465633720
    -32463652175
    -32461670751
    -32459689448
    -32457708266
    -32455727205
    -32453746265
    -32451765446
    -32449784748
    -32447804171
    -32445823715
    -32443843380
    -32441863165
    -32439883071
    -32437903098
    -32435923246
    -32433943515
    -32431963905
    -32429984416
    -32428005047
    -32426025799
    -32424046672
    -32422067666
    -32420088781
    -32418110016
    -32416131372
    -32414152849
    -32412174447
    -32410196165
    -32408218004
    -32406239964
    -32404262045
    -32402284246
    -32400306568
    -32398329011
    -32396351574
    -32394374258
    -32392397063
    -32390419988
    -32388443034
    -32386466201
    -32384489488
    -32382512896
    -32380536425
    -32378560074
    -32376583844
    -32374607735
    -32372631746
    -32370655878
    -32368680130
    -32366704503
    -32364728997
    -32362753611
    -32360778346
    -32358803201
    -32356828177
    -32354853273
    -32352878490
    -32350903828
    -32348929286
    -32346954865
    -32344980564
    -32343006384
    -32341032324
    -32339058385
    -32337084566
    -32335110867
    -32333137289
    -32331163831
    -32329190494
    -32327217277
    -32325244181
    -32323271205
    -32321298350
    -32319325615
    -32317353000
    -32315380506
    -32313408132
    -32311435879
    -32309463746
    -32307491733
    -32305519841
    -32303548069
    -32301576417
    -32299604886
    -32297633475
    -32295662184
    -32293691014
    -32291719964
    -32289749034
    -32287778225
    -32285807536
    -32283836967
    -32281866518
    -32279896190
    -32277925982
    -32275955894
    -32273985926
    -32272016079
    -32270046352
    -32268076745
    -32266107258
    -32264137892
    -32262168646
    -32260199520
    -32258230514
    -32256261628
    -32254292863
    -32252324218
    -32250355693
    -32248387288
    -32246419003
    -32244450838
    -32242482793
    -32240514869
    -32238547065
    -32236579381
    -32234611817
    -32232644373
    -32230677049
    -32228709845
    -32226742761
    -32224775797
    -32222808953
    -32220842229
    -32218875625
    -32216909141
    -32214942777
    -32212976533
    -32211010409
    -32209044405
    -32207078521
    -32205112757
    -32203147113
    -32201181589
    -32199216185
    -32197250901
    -32195285737
    -32193320693
    -32191355769
    -32189390965
    -32187426281
    -32185461717
    -32183497273
    -32181532949
    -32179568745
    -32177604660
    -32175640695
    -32173676850
    -32171713125
    -32169749520
    -32167786035
    -32165822670
    -32163859424
    -32161896298
    -32159933292
    -32157970406
    -32156007640
    -32154044994
    -32152082467
    -32150120060
    -32148157773
    -32146195606
    -32144233558
    -32142271630
    -32140309822
    -32138348134
    -32136386565
    -32134425116
    -32132463787
    -32130502578
    -32128541488
    -32126580518
    -32124619668
    -32122658937
    -32120698326
    -32118737835
    -32116777463
    -32114817211
    -32112857079
    -32110897066
    -32108937173
    -32106977400
    -32105017746
    -32103058212
    -32101098797
    -32099139502
    -32097180327
    -32095221271
    -32093262335
    -32091303518
    -32089344821
    -32087386243
    -32085427785
    -32083469446
    -32081511227
    -32079553127
    -32077595147
    -32075637286
    -32073679545
    -32071721923
    -32069764421
    -32067807038
    -32065849775
    -32063892631
    -32061935607
    -32059978702
    -32058021917
    -32056065251
    -32054108705
    -32052152278
    -32050195970
    -32048239782
    -32046283713
    -32044327764
    -32042371934
    -32040416223
    -32038460632
    -32036505160
    -32034549807
    -32032594574
    -32030639460
    -32028684465
    -32026729590
    -32024774834
    -32022820197
    -32020865680
    -32018911282
    -32016957003
    -32015002844
    -32013048804
    -32011094883
    -32009141081
    -32007187399
    -32005233836
    -32003280392
    -32001327067
    -31999373862
    -31997420776
    -31995467809
    -31993514961
    -31991562232
    -31989609623
    -31987657133
    -31985704762
    -31983752510
    -31981800377
    -31979848363
    -31977896468
    -31975944693
    -31973993037
    -31972041500
    -31970090082
    -31968138783
    -31966187603
    -31964236542
    -31962285600
    -31960334777
    -31958384073
    -31956433489
    -31954483024
    -31952532678
    -31950582451
    -31948632343
    -31946682354
    -31944732484
    -31942782733
    -31940833101
    -31938883588
    -31936934194
    -31934984919
    -31933035763
    -31931086726
    -31929137808
    -31927189009
    -31925240329
    -31923291767
    -31921343324
    -31919395000
    -31917446795
    -31915498709
    -31913550742
    -31911602894
    -31909655165
    -31907707555
    -31905760064
    -31903812691
    -31901865437
    -31899918302
    -31897971286
    -31896024389
    -31894077611
    -31892130951
    -31890184410
    -31888237988
    -31886291685
    -31884345501
    -31882399435
    -31880453488
    -31878507660
    -31876561951
    -31874616361
    -31872670889
    -31870725536
    -31868780302
    -31866835187
    -31864890190
    -31862945312
    -31861000553
    -31859055912
    -31857111390
    -31855166987
    -31853222702
    -31851278536
    -31849334489
    -31847390560
    -31845446750
    -31843503059
    -31841559486
    -31839616032
    -31837672697
    -31835729480
    -31833786382
    -31831843402
    -31829900541
    -31827957799
    -31826015175
    -31824072670
    -31822130283
    -31820188015
    -31818245865
    -31816303834
    -31814361921
    -31812420127
    -31810478451
    -31808536894
    -31806595455
    -31804654135
    -31802712933
    -31800771850
    -31798830885
    -31796890039
    -31794949311
    -31793008702
    -31791068211
    -31789127839
    -31787187585
    -31785247450
    -31783307433
    -31781367534
    -31779427754
    -31777488092
    -31775548549
    -31773609124
    -31771669817
    -31769730629
    -31767791559
    -31765852607
    -31763913774
    -31761975059
    -31760036462
    -31758097984
    -31756159624
    -31754221382
    -31752283259
    -31750345254
    -31748407367
    -31746469598
    -31744531948
    -31742594416
    -31740657002
    -31738719707
    -31736782530
    -31734845471
    -31732908530
    -31730971707
    -31729035003
    -31727098417
    -31725161949
    -31723225599
    -31721289367
    -31719353254
    -31717417259
    -31715481382
    -31713545623
    -31711609982
    -31709674459
    -31707739055
    -31705803769
    -31703868601
    -31701933551
    -31699998619
    -31698063805
    -31696129109
    -31694194531
    -31692260071
    -31690325729
    -31688391506
    -31686457401
    -31684523414
    -31682589545
    -31680655794
    -31678722161
    -31676788646
    -31674855249
    -31672921970
    -31670988809
    -31669055766
    -31667122841
    -31665190034
    -31663257345
    -31661324774
    -31659392321
    -31657459986
    -31655527768
    -31653595668
    -31651663686
    -31649731822
    -31647800076
    -31645868448
    -31643936938
    -31642005546
    -31640074272
    -31638143116
    -31636212077
    -31634281156
    -31632350353
    -31630419668
    -31628489101
    -31626558652
    -31624628321
    -31622698107
    -31620768011
    -31618838033
    -31616908173
    -31614978431
    -31613048806
    -31611119299
    -31609189910
    -31607260639
    -31605331485
    -31603402449
    -31601473531
    -31599544731
    -31597616048
    -31595687483
    -31593759036
    -31591830706
    -31589902494
    -31587974400
    -31586046424
    -31584118565
    -31582190824
    -31580263201
    -31578335695
    -31576408307
    -31574481036
    -31572553883
    -31570626848
    -31568699930
    -31566773130
    -31564846448
    -31562919883
    -31560993436
    -31559067106
    -31557140894
    -31555214799
    -31553288822
    -31551362963
    -31549437221
    -31547511597
    -31545586090
    -31543660701
    -31541735429
    -31539810275
    -31537885238
    -31535960319
    -31534035517
    -31532110833
    -31530186266
    -31528261817
    -31526337485
    -31524413271
    -31522489174
    -31520565194
    -31518641332
    -31516717587
    -31514793960
    -31512870450
    -31510947058
    -31509023783
    -31507100625
    -31505177585
    -31503254662
    -31501331856
    -31499409168
    -31497486597
    -31495564143
    -31493641807
    -31491719588
    -31489797486
    -31487875502
    -31485953635
    -31484031885
    -31482110253
    -31480188738
    -31478267340
    -31476346060
    -31474424897
    -31472503851
    -31470582922
    -31468662111
    -31466741417
    -31464820840
    -31462900380
    -31460980037
    -31459059812
    -31457139704
    -31455219713
    -31453299839
    -31451380082
    -31449460443
    -31447540921
    -31445621516
    -31443702228
    -31441783057
    -31439864003
    -31437945066
    -31436026247
    -31434107545
    -31432188960
    -31430270492
    -31428352141
    -31426433907
    -31424515790
    -31422597790
    -31420679907
    -31418762141
    -31416844492
    -31414926960
    -31413009546
    -31411092249
    -31409175069
    -31407258006
    -31405341060
    -31403424231
    -31401507519
    -31399590924
    -31397674446
    -31395758085
    -31393841840
    -31391925712
    -31390009701
    -31388093807
    -31386178030
    -31384262370
    -31382346827
    -31380431401
    -31378516092
    -31376600900
    -31374685825
    -31372770867
    -31370856026
    -31368941301
    -31367026693
    -31365112202
    -31363197828
    -31361283571
    -31359369431
    -31357455407
    -31355541500
    -31353627710
    -31351714037
    -31349800481
    -31347887042
    -31345973719
    -31344060513
    -31342147424
    -31340234452
    -31338321596
    -31336408857
    -31334496235
    -31332583730
    -31330671341
    -31328759069
    -31326846914
    -31324934876
    -31323022954
    -31321111149
    -31319199461
    -31317287889
    -31315376434
    -31313465096
    -31311553874
    -31309642769
    -31307731781
    -31305820909
    -31303910154
    -31301999515
    -31300088993
    -31298178588
    -31296268299
    -31294358127
    -31292448071
    -31290538132
    -31288628310
    -31286718604
    -31284809015
    -31282899542
    -31280990186
    -31279080946
    -31277171823
    -31275262816
    -31273353926
    -31271445152
    -31269536495
    -31267627954
    -31265719530
    -31263811222
    -31261903031
    -31259994956
    -31258086998
    -31256179156
    -31254271431
    -31252363822
    -31250456330
    -31248548954
    -31246641694
    -31244734551
    -31242827524
    -31240920614
    -31239013820
    -31237107142
    -31235200581
    -31233294136
    -31231387808
    -31229481596
    -31227575500
    -31225669521
    -31223763658
    -31221857911
    -31219952281
    -31218046767
    -31216141369
    -31214236087
    -31212330922
    -31210425873
    -31208520940
    -31206616124
    -31204711424
    -31202806840
    -31200902372
    -31198998021
    -31197093786
    -31195189667
    -31193285664
    -31191381777
    -31189478007
    -31187574353
    -31185670815
    -31183767393
    -31181864087
    -31179960898
    -31178057825
    -31176154868
    -31174252027
    -31172349302
    -31170446693
    -31168544200
    -31166641824
    -31164739564
    -31162837420
    -31160935392
    -31159033480
    -31157131684
    -31155230004
    -31153328440
    -31151426992
    -31149525660
    -31147624444
    -31145723344
    -31143822360
    -31141921492
    -31140020740
    -31138120104
    -31136219584
    -31134319180
    -31132418892
    -31130518720
    -31128618664
    -31126718724
    -31124818900
    -31122919192
    -31121019600
    -31119120124
    -31117220764
    -31115321520
    -31113422392
    -31111523380
    -31109624484
    -31107725704
    -31105827040
    -31103928491
    -31102030058
    -31100131741
    -31098233540
    -31096335455
    -31094437486
    -31092539633
    -31090641895
    -31088744273
    -31086846767
    -31084949377
    -31083052103
    -31081154945
    -31079257902
    -31077360975
    -31075464164
    -31073567469
    -31071670889
    -31069774425
    -31067878077
    -31065981845
    -31064085728
    -31062189727
    -31060293842
    -31058398073
    -31056502419
    -31054606881
    -31052711459
    -31050816152
    -31048920961
    -31047025886
    -31045130926
    -31043236082
    -31041341354
    -31039446741
    -31037552244
    -31035657863
    -31033763597
    -31031869447
    -31029975412
    -31028081493
    -31026187690
    -31024294002
    -31022400430
    -31020506973
    -31018613632
    -31016720407
    -31014827297
    -31012934303
    -31011041424
    -31009148661
    -31007256013
    -31005363481
    -31003471064
    -31001578763
    -30999686577
    -30997794507
    -30995902552
    -30994010713
    -30992118989
    -30990227381
    -30988335888
    -30986444511
    -30984553249
    -30982662102
    -30980771071
    -30978880155
    -30976989355
    -30975098670
    -30973208101
    -30971317647
    -30969427308
    -30967537085
    -30965646977
    -30963756984
    -30961867107
    -30959977345
    -30958087698
    -30956198167
    -30954308751
    -30952419450
    -30950530265
    -30948641195
    -30946752240
    -30944863401
    -30942974677
    -30941086068
    -30939197574
    -30937309196
    -30935420933
    -30933532785
    -30931644752
    -30929756835
    -30927869033
    -30925981346
    -30924093774
    -30922206318
    -30920318977
    -30918431751
    -30916544640
    -30914657644
    -30912770764
    -30910883999
    -30908997349
    -30907110814
    -30905224394
    -30903338089
    -30901451899
    -30899565825
    -30897679866
    -30895794022
    -30893908293
    -30892022679
    -30890137180
    -30888251796
    -30886366527
    -30884481373
    -30882596334
    -30880711410
    -30878826601
    -30876941907
    -30875057329
    -30873172866
    -30871288518
    -30869404285
    -30867520167
    -30865636164
    -30863752276
    -30861868503
    -30859984845
    -30858101302
    -30856217873
    -30854334559
    -30852451360
    -30850568276
    -30848685307
    -30846802453
    -30844919714
    -30843037090
    -30841154581
    -30839272187
    -30837389908
    -30835507744
    -30833625694
    -30831743759
    -30829861939
    -30827980234
    -30826098644
    -30824217169
    -30822335809
    -30820454563
    -30818573432
    -30816692416
    -30814811515
    -30812930729
    -30811050057
    -30809169500
    -30807289058
    -30805408731
    -30803528519
    -30801648421
    -30799768438
    -30797888570
    -30796008817
    -30794129178
    -30792249654
    -30790370245
    -30788490950
    -30786611770
    -30784732705
    -30782853755
    -30780974919
    -30779096198
    -30777217592
    -30775339100
    -30773460723
    -30771582461
    -30769704313
    -30767826280
    -30765948361
    -30764070557
    -30762192868
    -30760315293
    -30758437833
    -30756560487
    -30754683256
    -30752806140
    -30750929138
    -30749052251
    -30747175478
    -30745298820
    -30743422276
    -30741545847
    -30739669532
    -30737793332
    -30735917246
    -30734041275
    -30732165418
    -30730289676
    -30728414048
    -30726538535
    -30724663136
    -30722787852
    -30720912682
    -30719037627
    -30717162686
    -30715287860
    -30713413148
    -30711538551
    -30709664068
    -30707789699
    -30705915445
    -30704041305
    -30702167280
    -30700293369
    -30698419572
    -30696545890
    -30694672322
    -30692798868
    -30690925529
    -30689052304
    -30687179193
    -30685306197
    -30683433315
    -30681560547
    -30679687894
    -30677815355
    -30675942930
    -30674070620
    -30672198424
    -30670326342
    -30668454374
    -30666582521
    -30664710782
    -30662839157
    -30660967646
    -30659096250
    -30657224968
    -30655353800
    -30653482746
    -30651611806
    -30649740981
    -30647870270
    -30645999673
    -30644129190
    -30642258821
    -30640388566
    -30638518426
    -30636648400
    -30634778488
    -30632908690
    -30631039006
    -30629169436
    -30627299980
    -30625430638
    -30623561411
    -30621692298
    -30619823299
    -30617954414
    -30616085643
    -30614216986
    -30612348443
    -30610480014
    -30608611699
    -30606743498
    -30604875411
    -30603007438
    -30601139579
    -30599271834
    -30597404203
    -30595536686
    -30593669283
    -30591801994
    -30589934819
    -30588067758
    -30586200811
    -30584333978
    -30582467259
    -30580600654
    -30578734163
    -30576867786
    -30575001523
    -30573135374
    -30571269338
    -30569403416
    -30567537608
    -30565671914
    -30563806334
    -30561940868
    -30560075516
    -30558210278
    -3055